215105
213755
214827
214828
215251
217290
211399
214090
211165
215540
211460
214085A
215096
FAM_211027
214310
213418
213417
211601
215150
FAM_211100
FAM_211395
211307
214547
FAM_213811
211170
FAM_214420
FAM_215584
FAM_216352A
FAM_216204A
217200
217211
FAM_217221
217214
FAM_217264
FAM_216350A
217277
FAM_214711
216420
214430
215101
216228
https://www.carolina.com/new-science-products-k12-stem/new-biotechnology-teaching-resources/20623.ct
216345
216347
216900
211337EBK
214827EBK
211165EBK
211170EBK
217010
211033
211255
211072P
211138
FAM_211073
211772
211383
211385
211205
211150
173610
211392
747907
747908
211248
214828EBK
216900EBK
https://www.carolina.com/biotechnology-teaching-resources/biotechnology-kits/32801.ct
213664
211157
213713
213714
213710
213654
213669
213626
213655
213649
213668
213900
211012
212245
213641RT
213641RU
211014E
213742
213621
213603
213600
213602
689733
213624
213622
213620
213630
213747
213727
213701
213726
216321
213694
213725
213722
216322
213643
213712
213642
757221
213704
213687
213708
211026
213675
213674
215242
215230
215085
215273
215090
215563
215570
215258
215575
216000
215578
215088
215576
215098
215244
215579
215062S
217204
215246
215248
214630
215567
215601
215587
217307
215620
215850
215589
599352
215622
215828
215821
215591
215595
215580
215602
657527
657521
657480
657200
657484
657342
FAM_215600
FAM_217227
217227
217228
217230
217231
217232
217233
217239
217240
217241
217245
217246
217247
217248
217249
217250
217251
217252
217253
217254
217255
214092
214061
214072
214081
214074
214066
214055
214060
214040
701816
214045
666808
173151
711032
701296
701291
701292
214745
214747
214748
214749
214740
214742
214743
214755
217264
217265
217266
217267
217268
217269
217270
217271
217272
217273
217274
217275
217276
701289
701290
FAM_701531
701531
742973
742990
742972
742970
742985
214760
214539
214551
214410
214621
736982
214421
736871
736300
214705
736862
214422
214413
214637
736122
736869
211155
736932
214423
736884
736304
214618
214414
214670
736315
736280
214420
736308
214633
736319
736968
721165
214717
214300
214608
215050
736867
736866
214415
214561
214619
214412
215066
215060
215059
215064S
706240
706250
706281
706330
706275
706260
706410
646852
706244
706241
706242
706300
706301
647059
646918
646945
646514
646512
692500
647062
629385
647054
647161
199827
647014
647030
647058
646990
646992
646994
647002
647005
647008
646360
646924
646925
646919
692502
633950
633953
633954
706202
647032
646704B
646703
646700
646703B
646704C
646720
646706
646706A
646706B
646705
646846
646842
646706C
213695
646846D
646842D
646715
646713
646699
646718
646717A
646719
646710
646847
646725
646835
646829
646834B
646828A
646828B
646838
704716
646787
704715
646780
646795
646818
646822
706360A
706393
706335
706386
706390
706345
706305A
706300A
706405
701642
701640
706421
702982
706352A
706407A
706400A
706500
706348
646905
646862
646864
646866
646867
646868
646869
646870
646871
646872
646873
646874
646877
646878
572062
647155
647154
647182
647146A
647064
647181
705396A
647141
647132
705386
647172
647145A
216298
216300
216295
216285
216290
216350A
216351A
216351B
216255
216303
216248
216264
216286
216287
216288
216244
216242
216241
216253
216259
https://www.carolina.com/biotechnology-teaching-resources/biotechnology-equipment-labware/10108.ct?Nf=product.cbsLowPrice%7CGT+0.0%7C%7Cproduct.startDate%7CLTEQ+1.71504E12%7C%7Cproduct.startDate%7CLTEQ+1.71504E12&No=0&Nr=&
https://www.carolina.com/biotechnology-teaching-resources/biotechnology-equipment-labware/10108.ct?Nf=product.cbsLowPrice%7CGT+0.0%7C%7Cproduct.startDate%7CLTEQ+1.71504E12%7C%7Cproduct.startDate%7CLTEQ+1.71504E12&No=60&Nr=&
https://www.carolina.com/biotechnology-teaching-resources/biotechnology-equipment-labware/10108.ct
211398
211530
211600
211561
211540
211550
219785
219784
218770
218822
217310
211320
216700
216620
216600
216861
216858
216741
216652
216710
216650
211480
211481
211473
211479
211474
211475
217330
217305
217300
211300
217084
217075
217422
211303
218200
219025
219032
213809
211351
841172
211660
211721
211740
211745
211408
211429
211420
211439
211449
211450
211419
211462
211447
211018
211214
211210E1
211505
211507
211375
219030
217088
211510
218820
211515
211285
211511
211502
211496
211504
211506
211508
https://www.carolina.com/biotechnology-teaching-resources/biotechnology-materials-supplies/10110.ct
211315
211133
171093
211138EBK
154696
211338
211762
211336
441202
441206
441204
154704
https://www.carolina.com/biotechnology-teaching-resources/dna-extraction-quantification/10120.ct
214824
211034EBK
211018C
211036
211712
211004
211214EBK
211173
211185
211174
211014EBK
211200EBK
211103
211019C
217009
211000
211145
211145X
214823
214820
211147
211185EBK
211148Y
217426
211206
211008
https://www.carolina.com/biotechnology-teaching-resources/dna-gel-electrophoresis/10123.ct
217100
216328
171035
211377EBK
211164
492200D
211158
216332
211151
216327
211159
171110
216330
211116
211114
211311
211111
211118
171056
171055
211040
211126
251102
FAM_251005
211113
211108
214800
214805
214810
171033
211163
211161
211153
211143
171048
171047
171046
171044
171043
171042
171041
171112
171115
211124
840175
561700
561705
840203
211130
171049
211132
211181
212240
557104
https://www.carolina.com/biotechnology-teaching-resources/dna-models-and-simulations/10135.ct?Nf=product.cbsLowPrice%7CGT+0.0%7C%7Cproduct.startDate%7CLTEQ+1.71504E12%7C%7Cproduct.startDate%7CLTEQ+1.71504E12&No=0&Nr=&
212209
212239
213416
441208
746513
212236
171100EBK
https://www.carolina.com/biotechnology-teaching-resources/dna-models-and-simulations/10135.ct?Nf=product.cbsLowPrice%7CGT+0.0%7C%7Cproduct.startDate%7CLTEQ+1.71504E12%7C%7Cproduct.startDate%7CLTEQ+1.71504E12&No=60&Nr=&
https://www.carolina.com/biotechnology-teaching-resources/dna-models-and-simulations/10135.ct
211222
217008
211367
211366EBK
211400
211463
211461EBK
211470
211503
https://www.carolina.com/biotechnology-teaching-resources/polymerase-chain-reaction/10138.ct
689800A
211555P
211142EBK
211100
211125EBK
211520
217002
217004
211555DV
211128
211177
211081P
211555
211162
211125
211127EBK
211100EBK
217000
211140
211100P
211150EBK
211391
211128EBK
211127
217006
211555EBK
211390
211085
211086
https://www.carolina.com/biotechnology-teaching-resources/gene-expression-advanced-topics/10142.ct
216655
211902
171206
https://www.carolina.com/biotechnology-teaching-resources/transformation-dna-transfer/10145.ct
FAM_514001
FAM_514301
FAM_513701
FAM_514141
FAM_514441
FAM_515641
FAM_515741
FAM_514541
FAM_514641
FAM_514601
FAM_515721
FAM_515703B
FAM_513841
FAM_513941
FAM_514241
FAM_514521
FAM_514421
FAM_514101
515703E24
FAM_514221
FAM_515621
FAM_515603
FAM_514621
FAM_513921
FAM_514121
FAM_513821
515603E24
515703BGR
514420LC
515620LC
514103E24
514242
513942
513842
514642
514542
515742
515642
515542
514440LC
514442
514142
FAM_514151C
https://www.carolina.com/stem-science-technology-engineering-math-curriculum/building-blocks-of-science-elementary-curriculum/building-blocks-of-science-kits-grades-k-to-2/10793.ct
FAM_515441
FAM_515541
FAM_515241
FAM_515341
FAM_515041
FAM_514941
FAM_514741
FAM_514901
FAM_514701
FAM_515121
FAM_515421
FAM_515221
FAM_515141
FAM_514921
FAM_514721
FAM_515321
FAM_515021
FAM_515521
FAM_514821
515103E30
515320LC
514720LC
514742
514942
515042
515142
515342
515340LC
515242
515442
FAM_514841
514842
https://www.carolina.com/stem-science-technology-engineering-math-curriculum/building-blocks-of-science-elementary-curriculum/building-blocks-of-science-kits-grades-3-to-5/10792.ct
FAM_513703
FAM_513903
FAM_513803
FAM_514003
FAM_515103
FAM_514503
FAM_515403
FAM_515203
FAM_514903
FAM_514703
FAM_514203
FAM_514403
FAM_515303
FAM_514603
FAM_515003
FAM_514103
FAM_515503
FAM_514803
514503E24
515403E30
514403E24
515203E30
514903E30
514703E30
514203E24
515303E30
514603E24
513703E24
515003E30
513903E24
515503E30
514803E30
513803E24
FAM_514303
https://www.carolina.com/stem-science-technology-engineering-math-curriculum/stem-literacy-products/building-blocks-of-science-literacy-series/25101.ct
674337
FAM_514841C
FAM_513701C
FAM_514001C
FAM_514301C
FAM_515121C
FAM_514521C
FAM_515421C
FAM_514421C
FAM_515221C
FAM_515721C
FAM_514921C
FAM_514721C
FAM_514221C
FAM_515621C
FAM_514621C
FAM_515321C
FAM_515021C
FAM_513921C
FAM_514121C
FAM_515521C
FAM_514821C
FAM_513821C
756384
https://www.carolina.com/stem-science-technology-engineering-math-curriculum/building-blocks-of-science-elementary-curriculum/building-blocks-of-science-components/29802.ct
FAM_747970
753516
122211
186051
FAM_847955
847902
841097
https://www.carolina.com/new-science-products-k12-stem/new-chemistry-kits-chemicals-supplies/20622.ct
FAM_840319EBK
FAM_847902
840656
840660
840307
841174
841170
841166
840835
840715
840319
840074
840289
840374
331900
840717
FAM_750054
840325
840830
840321
840303
820107
753720
841168
840366
840364
840357
840375
840378
840744
https://www.carolina.com/life-science/3-dimensional-teaching-and-learning/high-school-chemistry-kits/31119.ct
840602
840602EBK
840574
840574EBK
840346
840350
840348
840355
840342
840340
840562
840565
840565EBK
840338
840572EBK
840570
840570EBK
840586
840586EBK
840578
840578EBK
840588
840588EBK
840590
840590EBK
840596
840596EBK
840576EBK
840598EBK
840584EBK
840594EBK
840592EBK
840344
840600
840600EBK
https://www.carolina.com/chemistry/ap-chemistry/10149.ct
841182
841176
754032
759122
759115
759117
840260
840866
840242
840360
251219
251301
840232
840936
840090
840228
840233
840188
840235
754030
840094
612703
841178
755342
840073
579620
251203
840060
840065
840075
840085
840079
https://www.carolina.com/chemistry/atomic-structure-and-periodic-table/10153.ct
895572
841152
843600
840185
840219
840376
841131
841142
840640
840189
840204
840208
841114
841118
841134
840890
840844
251218
841119
840339
841148
847111
848209
840192
840184
840164
840172
840181
840214
840215
840449
840940
820101
865442
840327
840467
840461
882370
891482
891500
840394
840472
840481
867162
882201
887302
https://www.carolina.com/chemistry/biochemistry-organic-chemistry-polymers/10157.ct
840331EBK
840315
840331
840872
840709
840325EBK
840315EBK
840364EBK
653323
251212
251303
840825
840443
653310
653307
840457
653302
840667
251213
840671
https://www.carolina.com/chemistry/chemical-kinetics-equilibrium/10161.ct
840992
840990
840685
840658
https://www.carolina.com/chemistry/chemical-reactions/10164.ct?Nf=product.cbsLowPrice%7CGT+0.0%7C%7Cproduct.startDate%7CLTEQ+1.71504E12%7C%7Cproduct.startDate%7CLTEQ+1.71504E12&No=0&Nr=&
https://www.carolina.com/chemistry/chemical-reactions/10164.ct?Nf=product.cbsLowPrice%7CGT+0.0%7C%7Cproduct.startDate%7CLTEQ+1.71504E12%7C%7Cproduct.startDate%7CLTEQ+1.71504E12&No=60&Nr=&
840604EBK
840604
840895
251215
757510
840301
874850
757492
757502
757504
FAM_855580
757482
757486
757487
757488A
757497
841085
GEO8697
840868
840842
445146
840496
840584
118048
820103
840567
820104
841087
840864
251208
840713
840740
251207
653314
840724
820103DV
840366DV
840870
840323
753485
251209
753385
753418
753445
753449
753490
753518
753524
753526
753698
840592
841170DV
118038
https://www.carolina.com/chemistry/chemical-reactions/10164.ct
849633
849310
849470
849316
185740
185765
841271
841289
841390
841423
841453
841481
841533
841611
841690
841733
848267
842093
842130
842251
842400
842722
842780
843190
843272
843310
843360
843490
843068
843752
843805
843910
844026
844080
844120
844362
844432
844753
845536
844530
861283
873120
849165
847113
893930
https://www.carolina.com/chemistry/specialty-chemicals/10171.ct?Nf=product.cbsLowPrice%7CGT+0.0%7C%7Cproduct.startDate%7CLTEQ+1.71504E12%7C%7Cproduct.startDate%7CLTEQ+1.71504E12&No=0&Nr=&
https://www.carolina.com/chemistry/specialty-chemicals/10171.ct?Nf=product.cbsLowPrice%7CGT+0.0%7C%7Cproduct.startDate%7CLTEQ+1.71504E12%7C%7Cproduct.startDate%7CLTEQ+1.71504E12&No=60&Nr=&
873240
873280
873310
873400
873376
873520
873750
873785
873862
873790
874050
874950
875183
875408
875505
875911
875684
875970
876010
876165
876673
877142
877270
877363
877383
877489
834495
877560
878340
892350
884831
220118A
884990
878929
879108
879190
879377
879540
879750
879850
879910
881200
881202
881222
881470
882001
882610
882760
882836
882880
882870
882908
882990
883150
883280
883470
883699
883789
883908
884130
884300
884250
884482
884629
884938
885094
885141
886048
886503
896932
220120A
858621
893000
895860
896070
896190
896302
896562
896615
171144
896970
897000
897650
897655
897690
898108
857201
898535
898570
898741
898900
898890
899340
899462
899542
899572
899606
899464
https://www.carolina.com/chemistry/specialty-chemicals/10171.ct
840378EBK
840321EBK
840357EBK
840374EBK
840303EBK
840375EBK
FAM_653355EBK
FAM_840301EBK
840860
840862
840382
840083
840341
840329
840333
840412
840140
840392
840340EBK
840342EBK
840344EBK
840346EBK
840348EBK
840350EBK
840376EBK
840311EBK
https://www.carolina.com/chemistry/chemistry-demonstration-kits/19106.ct?Nf=product.cbsLowPrice%7CGT+0.0%7C%7Cproduct.startDate%7CLTEQ+1.71504E12%7C%7Cproduct.startDate%7CLTEQ+1.71504E12&No=0&Nr=&
840338EBK
840360EBK
840339EBK
840327EBK
840333EBK
840341EBK
840309EBK
840301EBK
840329EBK
840895EBK
840936EBK
753545EBK
752448EBK
653355EBK
840323EBK
821042EBK
840669EBK
820101EBK
820105EBK
FAM_821042
https://www.carolina.com/chemistry/chemistry-demonstration-kits/19106.ct?Nf=product.cbsLowPrice%7CGT+0.0%7C%7Cproduct.startDate%7CLTEQ+1.71504E12%7C%7Cproduct.startDate%7CLTEQ+1.71504E12&No=60&Nr=&
https://www.carolina.com/chemistry/chemistry-demonstration-kits/19106.ct
821093
652781
652782
841081
653355
840067
750052
820109
840921
251200
753380
753370
840105
841095
752483
752448
752475
752451
752465
752468
752480
752676
753488
752469
752510
753489
751916
251205
753100
753600
840289DV
118036
753250
840940EBK
251201
331104
251216
759470
331116
840262
251210
820105
251302
872441
840688
847310
871840
653303
653340
653342
840606
840606EBK
755340
653335
755319
755360
755582
755406
755225
755227
755230
755310
755500
331102
https://www.carolina.com/chemistry/chemistry-properties-of-matter/10204.ct
713326
689110
840733
840731
840735
840690
706234
732362
FAM_840731
689114
https://www.carolina.com/chemistry/chemistry-lab-supplies/10182.ct
251204
840187
840069
840572
840576
840594
840598
688950
840642
689456
840644
688957
688964A
840968
840705
840101
251206
840230
https://www.carolina.com/chemistry/elements-compounds-mixtures/10183.ct
841152EBK
840740EBK
840838
840968EBK
840665
840466
840844EBK
https://www.carolina.com/chemistry/general-chemistry-lab-kits/19107.ct?Nf=product.cbsLowPrice%7CGT+0.0%7C%7Cproduct.startDate%7CLTEQ+1.71504E12%7C%7Cproduct.startDate%7CLTEQ+1.71504E12&No=0&Nr=&
840842EBK
840825EBK
841119EBK
FAM_840671EBK
841083
https://www.carolina.com/chemistry/general-chemistry-lab-kits/19107.ct?Nf=product.cbsLowPrice%7CGT+0.0%7C%7Cproduct.startDate%7CLTEQ+1.71504E12%7C%7Cproduct.startDate%7CLTEQ+1.71504E12&No=60&Nr=&
840672EBK
https://www.carolina.com/chemistry/general-chemistry-lab-kits/19107.ct?Nf=product.cbsLowPrice%7CGT+0.0%7C%7Cproduct.startDate%7CLTEQ+1.71504E12%7C%7Cproduct.startDate%7CLTEQ+1.71504E12&No=120&Nr=&
https://www.carolina.com/chemistry/general-chemistry-lab-kits/19107.ct
251300
251211
251214
https://www.carolina.com/chemistry/inquiries-in-science-chemistry/10188.ct
201100
840174
840225
https://www.carolina.com/chemistry/molecular-models/10193.ct
895512
895511
895390
895570
751914
118100
188100
186030
186040
186024
186039
652371
186059
118124
118126
895110
894020
894030
894720
894726
895280
894980
894157
894610
894724
894740
892980
892950
892305
892281
892261
886925
869573
868600
868550
867485
863200
863193
859500
856150
856053
855363
850934
849150
849095
848943
848263
https://www.carolina.com/chemistry/ph-testing/10199.ct
https://www.carolina.com/chemistry/spectrophotometers/10213.ct
118046
118045
118044
118042
118040
118024
445147
657900
448033
445124
https://www.carolina.com/chemistry/chemistry-classroom-resources/10181.ct
399617
399607
FAM_399604
FAM_399610
FAM_399614
399615
https://www.carolina.com/new-science-products-k12-stem/new-elearning-resources/20614.ct
212317
POM3432EBK
POM3438EBK
POM3430EBK
POM3434EBK
POM3436EBK
933008S
521507
521506
https://www.carolina.com/elearning-resources/elementary-elearning-resources/10844.ct
522574
https://www.carolina.com/disc/middle-school-elearning-resources/10845.ct
493765
212291
FAM_399600
399601
399275
399250
399255
399260
399270
FAM_399265
399265
521103
521041
521000
521462
521461
521463
521466
521464
521465
https://www.carolina.com/elearning-resources/high-school-elearning-resources/10846.ct
https://www.carolina.com/elearning-resources/college-elearning-resources/10847.ct
731000
721480
721249
721202
721110
721219
721100
717900
717920
721443
961867
961920
721230
961963
721466
725406
721233
721202A
742612
702506
742502
742511
742604
742634
742684
742890
742880
740996
721132
741246
199278
199279
715060
741030
742352
741920
199708
703468
727036
715050
742300
743043
741330
FAM_727032
741154
715746
715070
199248
743044
715740
831940
715644
727032
716122
742155
715722
716655
715601
715611
199280
715682
199340
727038
742001
741012
715620
741470
727034
742366
742320
741270
742410
742400
726682
721232
731035
731025
721147
726710
731032
726386
721153
711974
199464
711936
726831
712815
725637
199595
727030
712800
712807
199590
725631
726346
721142
721156
725612
725634
738150
738090
721203
725638
721137
738144
712813
652223
738151
726065
726056
726866
725635
738093
652222C
721234
725428
725116
726836
726826
731015
731048
https://www.carolina.com/lab-supplies-and-equipment/lab-glass-plasticware/10255.ct?Nf=product.cbsLowPrice%7CGT+0.0%7C%7Cproduct.startDate%7CLTEQ+1.71504E12%7C%7Cproduct.startDate%7CLTEQ+1.71504E12&No=0&Nr=&
https://www.carolina.com/lab-supplies-and-equipment/lab-glass-plasticware/10255.ct?Nf=product.cbsLowPrice%7CGT+0.0%7C%7Cproduct.startDate%7CLTEQ+1.71504E12%7C%7Cproduct.startDate%7CLTEQ+1.71504E12&No=60&Nr=&
721231
721782
721740
721120
722212
721610
721600
721608
721609
721802
961865
734611
734040
734084
733020
733030
734624
733000
734012
734583
734593
734826
646207
736998
736996
736879
736861
736903
736913
716549
716406
FAM_716525
716446
716434
716565
716541
716603
716592
716312
716580
716256
716220
715751
716091
199256
707110
715582
716390
716380
716319
712400
712430
712460
712486
712161
712032
712202
722667
722605
722660
722662
722655
722650
702638
https://www.carolina.com/lab-supplies-and-equipment/lab-glass-plasticware/10255.ct
703400
703419E
701654
701646
701674
703401
703402
703419
701653
701696
701630
701675
831640
701695
701695A
831625
701659
706713
706711
706775
706715
706717
706704
706706
706709
706665
706646
706616
706625
706770
706637
706635
706765
706604
706605
706630
706636
706730
706731
706733
706734
706735
701019
701044
701017
701077
701016
701010
FAM_701004
701041
701042
701078
701079
701038
701039
701067
711312
701076
701013
701012
701025
701021
711318
711317
711316
711314
711315
701035
701011A
701012A
701023
701002
711303
701088
701089
701091
701092
701093
701100
701080
701900
701908
711031
711042
711040
701043
199741
199887
199746
199880
703525
FAM_705590
199735
199768
199720
703422
705590
705598A
703533
703536
703534
703535
701701
701701A
701705
701741
701743
701744
701700A
701568
701569
703418
703438
703446
703448
717850
707290
707298
717800
717820
https://www.carolina.com/lab-supplies-and-equipment/lab-equipment/10271.ct
702020
702010
702358
702332
702153
702372
702203
702150
751446
702361
702370
702360
702080
702050
751442
962063
702091C
702338
751443
702044
702210
702352
962073
702390
702220
702094
702320
702348
702187
751445
962092
751451
702096
702460
702065
702064
702091
702151
702070
702150B
702189
702248
702552
702363
702210A
751448
702180
702209
954440
962091
702544
702349
702240
702091D
702356
702335
702172
702354
962090
702102
702601
702603
702620
702629
702612
702613
702616
702597
702611
702619
702677
702624A
702605
702636
917440B
917453B
745512
745360
745413
745380
959876
749557
118120
745522
745513
745515
745490
920203
745485
701240
745509A
745430
695672
962040
745500
695695
https://www.carolina.com/lab-supplies-and-equipment/lab-measuring-equipment/10312.ct
https://www.carolina.com/lab-supplies-and-equipment/lab-safety/10286.ct
621096
621103
633009
621097
621175
621116
632200
213735
634200
621425
621290
621280
621340
621250
621485
621430
621191
621094
159005
159004
213677
621098
731038
https://www.carolina.com/lab-supplies-and-equipment/carolina-branded-equipment/21321.ct?Nf=product.cbsLowPrice%7CGT+0.0%7C%7Cproduct.startDate%7CLTEQ+1.71504E12%7C%7Cproduct.startDate%7CLTEQ+1.71504E12&No=0&Nr=&
213730
158999
962106
213641
666806
631920
https://www.carolina.com/lab-supplies-and-equipment/carolina-branded-equipment/21321.ct?Nf=product.cbsLowPrice%7CGT+0.0%7C%7Cproduct.startDate%7CLTEQ+1.71504E12%7C%7Cproduct.startDate%7CLTEQ+1.71504E12&No=60&Nr=&
https://www.carolina.com/lab-supplies-and-equipment/carolina-branded-equipment/21321.ct
625920
625910
626520
FAM_626631
626630
626504
626001
626008
626011
626012
626031
626164
626734
626764
626590
626610
626931
626400
626650
626766
626980
621775
621810
621760
621910
623530
623555
621850
622265
622002
627702
621690
623990
624024
624084
624322
624504
624614
624590
624601
624790
624000
624540
625314
625321
625632
625604
625722
FAM_624026
629130
627224
627220
627231
629122
627250
627203
627201
627370
627400
627405
627420
621000
621030
621056
621136
629123
FAM_629013
629004
629383
629011
629006
629010
629210
629100
629014
629360
629380
629388
629068
629000
853341
868693
https://www.carolina.com/lab-supplies-and-equipment/lab-dissection-supplies/10232.ct
369656
369650
369732
369540
369651
369649
369667
369560
369668
369644
369631
369730
369652
369647
369550
369654
369640
369646
369520
369731
369666
369637
369663
369664
369633
369643
369642
369634
369500
369638
369570
369580
369590
369639
369734
369665
369655
369658
369641
369645
369662
369632
369660
369733
369659
369630
369735
369510
369635
https://www.carolina.com/lab-supplies-and-equipment/science-lab-sensor-accessories/16201.ct
706070
706060
706082
706100
706102
706116
706173
706140
707310
707161
https://www.carolina.com/lab-supplies-and-equipment/science-lab-supplies/10296.ct?Nf=product.cbsLowPrice%7CGT+0.0%7C%7Cproduct.startDate%7CLTEQ+1.71504E12%7C%7Cproduct.startDate%7CLTEQ+1.71504E12&No=0&Nr=&
https://www.carolina.com/lab-supplies-and-equipment/science-lab-supplies/10296.ct?Nf=product.cbsLowPrice%7CGT+0.0%7C%7Cproduct.startDate%7CLTEQ+1.71504E12%7C%7Cproduct.startDate%7CLTEQ+1.71504E12&No=60&Nr=&
684202
684200
684239
646245
713161
646241
646242
646244
644401
712660
713325
706230
712635
712672
712690
713116
713091
711343
644210
644775
646205
702999
706238
706860
706865
759612
199804
756316R
756320
FAM_646220
751780
707377
707450
707365
707363
707341
707422
707378
707376
707403
707320
707370
707340
707360
707362
707169
707273
706955
706970
706980
707146
707150
707194
707242
706880
706900
706891
702980
702900
702902
702904
702940
702950
702955
702972
702740
702706
702708
702700
702850
https://www.carolina.com/lab-supplies-and-equipment/science-lab-supplies/10296.ct
704902
704901
704900
705043
705040
705060
705755
705049
705025
705026
705030A
704670
704660
704635
704640
704650
704600
704620
704615
704630
704675
704680
704683
704695
704699
705167
705376
705470
705661
705161
705163
705165
705162
705169
705383
705370
705695
705485
705880
705860
705373
705158
705384
705473
705474
705406
705124
705400
705402
705405
705410
705422
705122
705430
705434
705295
705412
705384A
705270
705287
705275
705125
705127
705265
705267
705113
705186
705185
705585
705689
705172
705182
705226
705301
705308
705190
705327
705328
704360
705675
705227
705326
704327
705160
705220
704463
704308
704790
704305
705020
704324
704317
704785
704780
704440
704314
705291
705115
705116
705121
705188
705120
705117
705123
705010
705136A
704495
705205
705140
705131
705560
https://www.carolina.com/lab-supplies-and-equipment/laboratory-and-classroom-furniture/10244.ct
